514075
514335
514335
511288
514373
513453
513453
513453
513453
512969
512969
512969
512969
514328
514328
514326
514326
514325
514251
514251
514376
514376
514347
514372
513736
513736
514083
514184
513269
513269
514410
511288
511891
511671
511671
509043
512321
512380
512469
513091
513096
513347
512052
501687
497770
514460
514154
514447
514447
514444
514461
512810
512810
512645
512645
512645
512645
512645
512645
512645
511746
514321
513555
513376
513376
513555
513676
513676
514183
514456
514456
514458
514459
514165
514384
514384
514434
513276
513276
513558
511515
513558
511515
511515
514453
514453
510668
514517
510028
510028
510028
514505
513511
513708
513708
514524
514201
514201
512011
512490
512583
513336
513368
513492
513492
513552
513687
513771
513910
514180
514534
514024
512674
512876
510763
514352
514352
514352
514045
514068
514370
514555
514543
512132
514499
514499
514499
514499
514017
514421
513513
513513
513513
514345
513787
514149
514366
513114
513114
510219
510219
510219
514471
514371
513848
513848
513848
514491
511404
514491
514238
514609
514608
514607
514606
514605
513366
514472
514598
512837
514615
514173
512855
514465
512250
512250
507927
514224
514514
513642
513642
513642
513593
513593
513593
513593
512881
512881
512925
511394
511394
511746
511394
511746
514629
513387
513387
513387
514033
514621
514621
514573
514573
514378
514378
514432
514429
510990
514589
514592
514590
514590
514692
514006
514623
514623
514623
514554
513929
513929
514596
514596
513274
513308
514066
514141
514591
513615
514146
514691
514691
514172
514172
512973
512973
514686
513174
513174
513174
513174
513174
514579
513815
513815
513815
514396
514604
512901
512901
514092
514663
514662
514661
514659
514659
514516
514516
513056
514398
513922
514734
514735
512598
512598
512598
514582
514582
514582
514720
512985
514356
514356
514356
514356
514356
514725
512325
512325
512901
512325
511740
514746
514767
514767
512325
512325
514713
514713
513594
513594
513594
513594
514736
514736
497791
497791
497791
500659
513581
514741
511918
511918
511719
514664
512574
512574
511794
513261
514747
514206
514773
513576
513576
512548
512548
512548
512548
512548
512548
514588
514770
513365
514446
514865
512996
512996
513360
513360
513360
513360
513659
514801
514348
512586
512586
513547
513547
514684
514754
514793
514792
514787
514788
